0,000000000E0 -2,707391441E-2 1,071934064E-1
3,332222222E-2 -2,358196168E-2 1,071934064E-1
6,664444444E-2 -1,993006939E-2 1,087186984E-1
9,998888889E-2 -1,633404845E-2 1,053357317E-1
1,333111111E-1 -1,290768728E-2 1,036992799E-1
1,666444444E-1 -9,421915344E-3 1,068281574E-1
1,999777778E-1 -5,785810116E-3 1,086214312E-1
2,333000000E-1 -2,181693503E-3 1,071714461E-1
2,666333333E-1 1,357762165E-3 1,060138798E-1
3,000222222E-1 4,891788145E-3 1,076817462E-1
3,332888889E-1 8,535348782E-3 1,092284815E-1
3,666111111E-1 1,216519136E-2 1,076669978E-1
3,999555556E-1 1,571314864E-2 1,067322044E-1
4,332888889E-1 1,928185757E-2 1,089006509E-1
4,666111111E-1 2,297198202E-2 1,099120793E-1
4,999444444E-1 2,660810828E-2 1,075511815E-1
5,332888889E-1 3,014325580E-2 1,060350829E-1
5,666000000E-1 3,367593564E-2 1,085168197E-1
5,999333333E-1 3,737529896E-2 1,105667628E-1
6,332555556E-1 4,104582464E-2 1,083187539E-1
6,666111111E-1 4,459775276E-2 1,075419548E-1
6,999222222E-1 4,821528829E-2 1,099351980E-1
7,332444444E-1 5,192310146E-2 1,121265043E-1
7,665666667E-1 5,568789688E-2 1,098080751E-1
7,999000000E-1 5,924241971E-2 1,087164948E-1
8,333000000E-1 6,294291096E-2 1,113847471E-1
8,665666667E-1 6,666806952E-2 1,123021472E-1
8,999000000E-1 7,042223396E-2 1,101751842E-1
9,332222222E-1 7,401185763E-2 1,095459976E-1
9,666111111E-1 7,773016918E-2 1,114467341E-1
9,999111111E-1 8,144411650E-2 1,129074409E-1
1,033211111E0 8,524980475E-2 1,104862935E-1
1,066544444E0 8,880618653E-2 1,085519653E-1
1,099866667E0 9,248539630E-2 1,110566627E-1
1,133200000E0 9,620873008E-2 1,127108728E-1
1,166522222E0 9,999820214E-2 1,100115242E-1
1,199866667E0 1,035428317E-1 1,080911543E-1
1,233200000E0 1,072054801E-1 1,107382542E-1
1,266511111E0 1,109229211E-1 1,117533166E-1
1,299866667E0 1,146557012E-1 1,082242823E-1
1,333188889E0 1,181390758E-1 1,058532112E-1
1,366511111E0 1,217102297E-1 1,084990209E-1
1,399844444E0 1,253711383E-1 1,111170647E-1
1,433211111E0 1,291217379E-1 1,061268766E-1
1,466555556E0 1,324509801E-1 1,026898529E-1
1,499900000E0 1,359700101E-1 1,084912666E-1
1,533166667E0 1,396777039E-1 1,103415260E-1
1,566488889E0 1,433175297E-1 1,075210317E-1
1,599811111E0 1,468433834E-1 1,035278715E-1
1,633155556E0 1,502193878E-1 1,042726437E-1
1,666477778E0 1,537948930E-1 1,078488891E-1
1,699811111E0 1,574081154E-1 1,068751525E-1
1,733144444E0 1,609199031E-1 1,025665323E-1
1,766466667E0 1,642447446E-1 1,032235158E-1
1,799866667E0 1,678072055E-1 1,073027702E-1
1,833111111E0 1,713958781E-1 1,053722491E-1
1,866444444E0 1,748226557E-1 1,005594666E-1
1,899788889E0 1,781009599E-1 1,015200700E-1
1,933111111E0 1,815906603E-1 1,055930608E-1
1,966422222E0 1,851369775E-1 1,054351686E-1
1,999755556E0 1,886173286E-1 1,015153466E-1
2,033100000E0 1,919057952E-1 9,871990116E-2
2,066444444E0 1,952008491E-1 1,031854301E-1
2,099788889E0 1,987871169E-1 1,067609724E-1
2,133088889E0 2,023158748E-1 1,023280089E-1
2,166411111E0 2,056044362E-1 9,973229843E-2
2,199744444E0 2,089635865E-1 1,029490337E-1
2,233100000E0 2,124699929E-1 1,036222570E-1
2,266411111E0 2,158717370E-1 1,007284796E-1
2,299733333E0 2,191818673E-1 1,004348067E-1
2,333066667E0 2,225662748E-1 1,034873757E-1
2,366388889E0 2,260798758E-1 1,044281584E-1
2,399733333E0 2,295281521E-1 1,013769482E-1
2,433044444E0 2,328372126E-1 9,869510253E-2
2,466366667E0 2,361045357E-1 1,006727998E-1
2,499744444E0 2,395520883E-1 1,050225947E-1
2,533022222E0 2,431048751E-1 1,029715153E-1
2,566355556E0 2,464111354E-1 9,838461619E-2
2,599688889E0 2,496638495E-1 1,012637533E-1
2,633011111E0 2,531609271E-1 1,062210010E-1
2,666344444E0 2,567440694E-1 1,040890472E-1
2,699677778E0 2,601001969E-1 9,979275185E-2
2,733000000E0 2,633958107E-1 1,014992665E-1
2,766344444E0 2,668668147E-1 1,054057360E-1
2,799688889E0 2,704252021E-1 1,055038903E-1
2,833011111E0 2,739004074E-1 1,024021427E-1
2,866400000E0 2,772565628E-1 1,007661426E-1
2,899666667E0 2,806170306E-1 1,038653773E-1
2,932988889E0 2,841728429E-1 1,071999217E-1
2,966311111E0 2,877613098E-1 1,040780483E-1
2,999655556E0 2,911113794E-1 1,006526119E-1
3,032977778E0 2,944714840E-1 1,026489237E-1
3,066333333E0 2,979557816E-1 1,066854395E-1
3,099633333E0 3,015826612E-1 1,066952828E-1
3,132966667E0 3,050652439E-1 1,017752317E-1
3,166300000E0 3,083676766E-1 1,024988640E-1
3,199633333E0 3,118985015E-1 1,071342708E-1
3,232966667E0 3,155099614E-1 1,075053167E-1
3,266288889E0 3,190643281E-1 1,036825160E-1
3,299622222E0 3,224209771E-1 1,019937382E-1
3,332944444E0 3,258627774E-1 1,046834711E-1
3,366266667E0 3,293975488E-1 1,058926568E-1
3,399666667E0 3,329281708E-1 1,045999191E-1
3,432944444E0 3,363720390E-1 1,012860456E-1
3,466266667E0 3,396738214E-1 1,024546353E-1
3,499611111E0 3,432023480E-1 1,076424201E-1
3,532922222E0 3,468487867E-1 1,056302954E-1
3,566244444E0 3,502408467E-1 1,008512211E-1
3,599644444E0 3,535778043E-1 1,008947215E-1
3,632922222E0 3,569682825E-1 1,043101053E-1
3,666311111E0 3,605318113E-1 1,062431796E-1
3,699644444E0 3,640570636E-1 1,028674786E-1
3,732911111E0 3,673827854E-1 9,917524480E-2
3,766233333E0 3,706610329E-1 1,001143898E-1
3,799588889E0 3,740581904E-1 1,033485274E-1
3,832888889E0 3,775497864E-1 1,023058536E-1
3,866211111E0 3,808740338E-1 9,741958875E-2
3,899600000E0 3,840487554E-1 9,737170546E-2
3,932888889E0 3,873665627E-1 1,016460155E-1
3,966211111E0 3,908195095E-1 1,017313755E-1
3,999611111E0 3,941543061E-1 9,823845929E-2
4,032866667E0 3,973676485E-1 9,642487914E-2
4,066200000E0 4,005751317E-1 1,008363158E-1
4,099533333E0 4,040900696E-1 1,037922113E-1
4,132855556E0 4,074934592E-1 9,878151231E-2
4,166188889E0 4,106744062E-1 9,602992836E-2
4,199577778E0 4,139007894E-1 9,686160863E-2
4,232844444E0 4,171307705E-1 9,890670327E-2
4,266166667E0 4,204868769E-1 9,913531170E-2
4,299511111E0 4,237397913E-1 9,567222975E-2
4,332844444E0 4,268660886E-1 9,461012264E-2
4,366155556E0 4,300450304E-1 9,659934947E-2
4,399500000E0 4,333049719E-1 9,924513245E-2
4,432822222E0 4,366613725E-1 9,685563481E-2
4,466155556E0 4,397609380E-1 9,504577736E-2
4,499488889E0 4,429977577E-1 9,624227174E-2


